2.43
2.45
2.47
2.50
2.51
2.52
2.55
2.55
2.55
2.55
2.56
2.56
2.57
2.58
2.58
2.58
2.58
2.59
2.60
2.60
2.61
2.61
2.63
2.63
2.63
2.65
2.65
2.65
2.67
2.68
2.69
2.71
2.73
2.81
2.86
2.87
2.88
2.91
2.93
2.94
2.95
2.95
2.96
2.98
2.99
2.99
3.00
3.00
3.00
3.00
3.00
3.00
3.01
3.01
3.01
3.02
3.02
3.03
3.03
3.03
3.03
3.03
3.03
3.03
3.04
3.04
3.04
3.04
3.04
3.05
3.05
3.05
3.05
3.05
3.05
3.05
3.06
3.06
3.06
3.06
3.07
3.07
3.07
3.07
3.07
3.07
3.07
3.07
3.07
3.07
3.08
3.08
3.08
3.08
3.08
3.08
3.08
3.08
3.09
3.09
3.09
3.09
3.09
3.09
3.09
3.09
3.09
3.09
3.10
3.10
3.10
3.10
3.10
3.10
3.10
3.10
3.10
3.10
3.11
3.11
3.11
3.11
3.11
3.11
3.11
3.11
3.11
3.11
3.11
3.11
3.11
3.11
3.12
3.12
3.12
3.12
3.12
3.12
3.12
3.12
3.12
3.12
3.12
3.12
3.12
3.12
3.12
3.12
3.12
3.12
3.13
3.13
3.13
3.13
3.13
3.13
3.13
3.13
3.13
3.13
3.13
3.13
3.13
3.13
3.13
3.13
3.13
3.14
3.14
3.14
3.14
3.14
3.14
3.14
3.14
3.14
3.14
3.14
3.14
3.15
3.15
3.15
3.15
3.15
3.15
3.15
3.15
3.15
3.15
3.15
3.15
3.15
3.15
3.15
3.15
3.15
3.15
3.15
3.16
3.16
3.16
3.16
3.16
3.16
3.16
3.16
3.16
3.16
3.16
3.16
3.17
3.17
3.17
3.17
3.17
3.17
3.17
3.17
3.17
3.17
3.17
3.18
3.18
3.18
3.18
3.18
3.18
3.18
3.18
3.18
3.18
3.18
3.19
3.19
3.19
3.19
3.19
3.19
3.19
3.19
3.19
3.19
3.19
3.19
3.19
3.20
3.20
3.20
3.20
3.20
3.20
3.20
3.20
3.20
3.21
3.21
3.21
3.21
3.21
3.21
3.21
3.21
3.21
3.21
3.21
3.21
3.21
3.22
3.22
3.22
3.22
3.22
3.22
3.22
3.22
3.22
3.22
3.23
3.23
3.23
3.23
3.23
3.23
3.23
3.23
3.24
3.24
3.24
3.24
3.24
3.24
3.24
3.24
3.24
3.24
3.24
3.24
3.24
3.24
3.24
3.25
3.25
3.25
3.25
3.25
3.25
3.25
3.25
3.25
3.25
3.25
3.25
3.26
3.26
3.26
3.27
3.27
3.27
3.27
3.28
3.28
3.28
3.28
3.28
3.28
3.28
3.28
3.28
3.28
3.28
3.29
3.29
3.29
3.29
3.29
3.29
3.29
3.30
3.30
3.30
3.31
3.32
3.32
3.33
3.33
3.33
3.34
3.34
3.34
3.34
3.35
3.35
3.35
3.35
3.36
3.36
3.37
3.37
3.39
3.39
3.42
3.43
3.43
3.43
3.44
3.44
3.47
3.50
3.52
3.54
3.54
3.56
3.57
3.58
3.58
3.59
3.59
3.59
3.60
3.61
3.63
3.63
3.65
3.67
3.68
3.69
3.69
3.69
3.69
3.69
3.69
3.70
3.71
3.71
3.72
3.72
3.73
3.73
3.74
3.75
3.75
3.75
3.76
3.76
3.77
3.78
3.78
3.79
3.79
3.79
3.80
3.80
3.80
3.81
3.81
3.82
3.82
3.82
3.83
3.84
3.85
3.85
3.86
3.86
3.86
3.86
3.87
3.87
3.88
3.89
3.89
3.89
3.89
3.90
3.91
3.91
3.92
3.92
3.94
3.94
3.94
3.94
3.95
3.95
3.95
3.95
3.97
3.98
3.99
4.00
4.01
4.01
4.01
4.03
4.03
4.03
4.04
4.04
4.04
4.04
4.05
4.06
4.06
4.06
4.08
4.08
4.09
4.09
4.09
4.11
4.12
4.12
4.12
4.13
4.15
4.16
4.16
4.17
4.17
4.17
4.20
4.21
4.21
4.21
4.21
4.21
4.23
4.25
4.27
4.28
4.28
4.29
4.30
4.30
4.32
4.34
4.34
4.35
4.35
4.35
4.36
4.36
4.38
4.42
4.42
4.43
4.43
4.46
4.48
4.50
4.50
4.51
4.51
4.53
4.56
4.57
4.58
4.58
4.59
4.60
4.62
4.63
4.66
4.66
4.68
4.70
4.70
4.74
4.77
4.77
4.79
4.82
4.87
4.93
4.94
4.97
4.97
5.00
5.01
5.05
5.05
5.08
5.09
5.10
5.10
5.14
5.16
5.19
5.20
5.23
5.24
5.27
5.28
5.31
5.37
5.37
5.37
5.39
5.46
5.52
5.53
5.57
5.62
5.66
5.68
5.70
5.85
5.90
6.01
6.03
6.10
6.11
6.18
6.20
6.21
6.21
6.36
6.36
6.55
6.58
6.65
6.88
7.06
7.21
7.31
7.37
7.38
7.61
7.92
7.93
7.96
8.09
8.13
8.67
8.89
9.46
10.1
10.3
12.5
17.6
