4.81
4.95
5.12
5.12
5.13
5.15
5.15
5.19
5.20
5.20
5.20
5.21
5.23
5.23
5.25
5.25
5.27
5.29
5.31
5.32
5.33
5.33
5.33
5.36
5.36
5.37
5.37
5.38
5.38
5.38
5.38
5.39
5.39
5.40
5.42
5.42
5.46
5.48
5.49
5.49
5.49
5.55
5.55
5.55
5.56
5.57
5.58
5.60
5.60
5.61
5.62
5.65
5.66
5.67
5.68
5.73
5.73
5.75
5.79
5.81
5.81
5.81
5.83
5.83
5.83
5.85
5.86
5.86
5.87
5.87
5.89
5.90
5.93
5.95
5.99
6.01
6.01
6.07
6.08
6.08
6.10
6.13
6.18
6.19
6.23
6.24
6.27
6.32
6.36
6.37
6.43
6.45
6.46
6.47
6.47
6.48
6.49
6.54
6.54
6.55
6.68
6.72
6.79
6.83
6.85
6.95
6.98
6.98
6.99
7.01
7.01
7.04
7.09
7.09
7.11
7.11
7.14
7.17
7.21
7.36
7.46
7.47
7.47
7.48
7.48
7.49
7.49
7.60
7.74
7.78
7.81
7.90
8.23
8.31
8.47
8.79
9.26
9.70
10.6
11.2
11.5
11.9
12.1
12.8
14.2
15.1
15.2
16.2
16.9
31.1
