1.50
1.54
1.54
1.55
1.56
1.57
1.57
1.57
1.57
1.58
1.59
1.60
1.60
1.61
1.61
1.61
1.62
1.62
1.63
1.64
1.64
1.65
1.65
1.65
1.65
1.65
1.65
1.66
1.66
1.66
1.66
1.66
1.66
1.67
1.67
1.68
1.68
1.68
1.68
1.68
1.68
1.68
1.69
1.69
1.69
1.69
1.69
1.69
1.69
1.69
1.69
1.69
1.69
1.69
1.69
1.70
1.70
1.70
1.70
1.70
1.70
1.70
1.70
1.70
1.70
1.70
1.70
1.70
1.70
1.70
1.70
1.71
1.71
1.71
1.71
1.71
1.71
1.71
1.71
1.71
1.71
1.72
1.72
1.72
1.72
1.72
1.72
1.72
1.73
1.73
1.73
1.73
1.73
1.73
1.73
1.73
1.73
1.73
1.73
1.73
1.73
1.74
1.74
1.74
1.74
1.74
1.74
1.74
1.74
1.74
1.74
1.74
1.74
1.74
1.75
1.75
1.75
1.75
1.75
1.75
1.75
1.75
1.75
1.75
1.75
1.76
1.76
1.76
1.76
1.76
1.76
1.76
1.76
1.76
1.76
1.76
1.76
1.76
1.76
1.77
1.77
1.77
1.77
1.77
1.77
1.77
1.77
1.77
1.77
1.77
1.77
1.77
1.77
1.77
1.77
1.77
1.77
1.77
1.77
1.78
1.78
1.78
1.78
1.78
1.78
1.78
1.78
1.78
1.78
1.78
1.78
1.78
1.78
1.78
1.78
1.78
1.78
1.78
1.78
1.78
1.78
1.78
1.78
1.78
1.78
1.78
1.78
1.78
1.78
1.78
1.78
1.78
1.78
1.79
1.79
1.79
1.79
1.79
1.79
1.79
1.79
1.79
1.79
1.79
1.79
1.79
1.79
1.79
1.79
1.79
1.79
1.79
1.79
1.79
1.79
1.79
1.79
1.79
1.79
1.79
1.79
1.79
1.79
1.79
1.79
1.79
1.79
1.79
1.79
1.79
1.80
1.80
1.80
1.80
1.80
1.80
1.80
1.80
1.80
1.80
1.80
1.80
1.80
1.80
1.80
1.80
1.80
1.80
1.80
1.80
1.80
1.80
1.80
1.80
1.80
1.80
1.80
1.80
1.80
1.80
1.80
1.80
1.80
1.80
1.80
1.80
1.80
1.80
1.80
1.80
1.80
1.81
1.81
1.81
1.81
1.81
1.81
1.81
1.81
1.81
1.81
1.81
1.81
1.81
1.81
1.81
1.81
1.81
1.81
1.81
1.81
1.81
1.81
1.81
1.81
1.81
1.81
1.81
1.81
1.81
1.81
1.81
1.81
1.81
1.81
1.81
1.81
1.81
1.81
1.81
1.81
1.81
1.81
1.81
1.81
1.82
1.82
1.82
1.82
1.82
1.82
1.82
1.82
1.82
1.82
1.82
1.82
1.82
1.82
1.82
1.82
1.82
1.82
1.82
1.82
1.82
1.82
1.82
1.82
1.82
1.82
1.82
1.82
1.82
1.82
1.82
1.82
1.82
1.82
1.82
1.82
1.82
1.82
1.82
1.82
1.82
1.82
1.82
1.82
1.82
1.82
1.82
1.82
1.82
1.82
1.82
1.82
1.82
1.82
1.82
1.82
1.82
1.82
1.82
1.82
1.82
1.82
1.82
1.82
1.82
1.82
1.82
1.83
1.83
1.83
1.83
1.83
1.83
1.83
1.83
1.83
1.83
1.83
1.83
1.83
1.83
1.83
1.83
1.83
1.83
1.83
1.83
1.83
1.83
1.83
1.83
1.83
1.83
1.83
1.83
1.83
1.83
1.83
1.83
1.83
1.83
1.83
1.83
1.83
1.83
1.83
1.83
1.83
1.83
1.83
1.83
1.83
1.83
1.83
1.83
1.83
1.84
1.84
1.84
1.84
1.84
1.84
1.84
1.84
1.84
1.84
1.84
1.84
1.84
1.84
1.84
1.84
1.84
1.84
1.84
1.84
1.84
1.84
1.84
1.84
1.84
1.84
1.84
1.84
1.84
1.84
1.84
1.84
1.84
1.84
1.84
1.85
1.85
1.85
1.85
1.85
1.85
1.85
1.85
1.85
1.85
1.85
1.85
1.85
1.85
1.85
1.85
1.85
1.85
1.85
1.85
1.85
1.85
1.85
1.85
1.85
1.85
1.86
1.86
1.86
1.86
1.86
1.86
1.86
1.86
1.86
1.86
1.86
1.86
1.86
1.86
1.86
1.86
1.86
1.86
1.86
1.86
1.86
1.86
1.86
1.86
1.86
1.86
1.86
1.86
1.86
1.86
1.86
1.86
1.87
1.87
1.87
1.87
1.87
1.87
1.87
1.87
1.87
1.87
1.87
1.87
1.87
1.87
1.87
1.87
1.87
1.87
1.87
1.87
1.87
1.87
1.87
1.87
1.87
1.87
1.87
1.87
1.88
1.88
1.88
1.88
1.88
1.88
1.88
1.88
1.88
1.88
1.88
1.88
1.88
1.88
1.88
1.88
1.88
1.88
1.88
1.88
1.88
1.88
1.88
1.88
1.88
1.88
1.88
1.88
1.88
1.88
1.88
1.88
1.88
1.88
1.88
1.88
1.88
1.89
1.89
1.89
1.89
1.89
1.89
1.89
1.89
1.89
1.89
1.89
1.89
1.89
1.89
1.89
1.89
1.89
1.89
1.89
1.89
1.89
1.89
1.89
1.89
1.89
1.89
1.89
1.89
1.89
1.89
1.89
1.89
1.89
1.89
1.89
1.90
1.90
1.90
1.90
1.90
1.90
1.90
1.90
1.90
1.90
1.90
1.90
1.90
1.90
1.90
1.90
1.90
1.90
1.90
1.90
1.90
1.90
1.90
1.90
1.90
1.90
1.90
1.90
1.90
1.90
1.90
1.90
1.90
1.90
1.90
1.90
1.90
1.90
1.90
1.90
1.90
1.90
1.90
1.90
1.90
1.90
1.91
1.91
1.91
1.91
1.91
1.91
1.91
1.91
1.91
1.91
1.91
1.91
1.91
1.91
1.91
1.91
1.91
1.91
1.91
1.91
1.91
1.91
1.91
1.91
1.91
1.91
1.91
1.91
1.91
1.91
1.91
1.91
1.91
1.91
1.91
1.91
1.91
1.91
1.91
1.91
1.91
1.91
1.91
1.91
1.91
1.91
1.91
1.91
1.91
1.92
1.92
1.92
1.92
1.92
1.92
1.92
1.92
1.92
1.92
1.92
1.92
1.92
1.92
1.92
1.92
1.92
1.92
1.92
1.92
1.92
1.92
1.92
1.92
1.92
1.92
1.92
1.92
1.92
1.92
1.92
1.92
1.92
1.92
1.92
1.92
1.92
1.92
1.92
1.92
1.92
1.92
1.92
1.92
1.92
1.92
1.92
1.92
1.92
1.92
1.92
1.92
1.92
1.92
1.92
1.92
1.92
1.92
1.92
1.93
1.93
1.93
1.93
1.93
1.93
1.93
1.93
1.93
1.93
1.93
1.93
1.93
1.93
1.93
1.93
1.93
1.93
1.93
1.93
1.93
1.93
1.93
1.93
1.93
1.93
1.93
1.93
1.93
1.93
1.93
1.93
1.93
1.93
1.93
1.93
1.93
1.93
1.93
1.93
1.93
1.93
1.93
1.93
1.93
1.93
1.93
1.93
1.93
1.93
1.93
1.93
1.93
1.93
1.93
1.93
1.93
1.93
1.94
1.94
1.94
1.94
1.94
1.94
1.94
1.94
1.94
1.94
1.94
1.94
1.94
1.94
1.94
1.94
1.94
1.94
1.94
1.94
1.94
1.94
1.94
1.94
1.94
1.94
1.94
1.94
1.94
1.94
1.94
1.94
1.94
1.94
1.94
1.94
1.94
1.94
1.94
1.94
1.94
1.94
1.94
1.94
1.94
1.94
1.94
1.94
1.94
1.94
1.94
1.94
1.94
1.94
1.94
1.95
1.95
1.95
1.95
1.95
1.95
1.95
1.95
1.95
1.95
1.95
1.95
1.95
1.95
1.95
1.95
1.95
1.95
1.95
1.95
1.95
1.95
1.95
1.95
1.95
1.95
1.95
1.95
1.95
1.95
1.95
1.95
1.95
1.95
1.95
1.95
1.95
1.95
1.95
1.95
1.95
1.95
1.95
1.95
1.95
1.95
1.95
1.95
1.95
1.95
1.95
1.95
1.95
1.95
1.95
1.95
1.95
1.95
1.95
1.95
1.95
1.95
1.96
1.96
1.96
1.96
1.96
1.96
1.96
1.96
1.96
1.96
1.96
1.96
1.96
1.96
1.96
1.96
1.96
1.96
1.96
1.96
1.96
1.96
1.96
1.96
1.96
1.96
1.96
1.96
1.96
1.96
1.96
1.96
1.96
1.96
1.96
1.96
1.96
1.96
1.96
1.96
1.96
1.97
1.97
1.97
1.97
1.97
1.97
1.97
1.97
1.97
1.97
1.97
1.97
1.97
1.97
1.97
1.97
1.97
1.97
1.97
1.97
1.97
1.97
1.97
1.97
1.97
1.97
1.97
1.97
1.97
1.97
1.97
1.98
1.98
1.98
1.98
1.98
1.98
1.98
1.98
1.98
1.98
1.98
1.98
1.98
1.98
1.98
1.98
1.98
1.98
1.98
1.98
1.98
1.98
1.98
1.98
1.98
1.98
1.98
1.98
1.99
1.99
1.99
1.99
1.99
1.99
1.99
1.99
1.99
1.99
1.99
1.99
1.99
1.99
1.99
1.99
1.99
1.99
1.99
1.99
1.99
1.99
1.99
1.99
1.99
1.99
1.99
1.99
1.99
1.99
1.99
2.00
2.00
2.00
2.00
2.00
2.00
2.00
2.00
2.00
2.00
2.00
2.00
2.00
2.00
2.00
2.00
2.00
2.00
2.00
2.00
2.00
2.01
2.01
2.01
2.01
2.01
2.01
2.01
2.01
2.01
2.01
2.01
2.01
2.01
2.01
2.01
2.01
2.01
2.01
2.01
2.01
2.01
2.01
2.01
2.01
2.01
2.01
2.01
2.02
2.02
2.02
2.02
2.02
2.02
2.02
2.02
2.02
2.02
2.02
2.02
2.02
2.02
2.02
2.02
2.02
2.02
2.02
2.02
2.02
2.02
2.02
2.02
2.02
2.02
2.02
2.02
2.02
2.02
2.02
2.02
2.02
2.02
2.02
2.02
2.03
2.03
2.03
2.03
2.03
2.03
2.03
2.03
2.03
2.03
2.03
2.03
2.03
2.03
2.03
2.03
2.03
2.03
2.03
2.03
2.03
2.03
2.03
2.03
2.03
2.03
2.03
2.03
2.03
2.03
2.03
2.04
2.04
2.04
2.04
2.04
2.04
2.04
2.04
2.04
2.04
2.04
2.04
2.04
2.04
2.04
2.04
2.04
2.04
2.04
2.04
2.04
2.04
2.04
2.04
2.04
2.04
2.04
2.04
2.04
2.04
2.04
2.04
2.05
2.05
2.05
2.05
2.05
2.05
2.05
2.05
2.05
2.05
2.05
2.05
2.05
2.05
2.05
2.05
2.05
2.05
2.05
2.05
2.05
2.05
2.05
2.05
2.05
2.05
2.05
2.05
2.05
2.05
2.05
2.06
2.06
2.06
2.06
2.06
2.06
2.06
2.06
2.06
2.06
2.06
2.06
2.06
2.06
2.06
2.06
2.06
2.06
2.06
2.06
2.06
2.06
2.06
2.06
2.06
2.06
2.06
2.06
2.06
2.07
2.07
2.07
2.07
2.07
2.07
2.07
2.07
2.07
2.07
2.07
2.07
2.07
2.07
2.07
2.07
2.07
2.07
2.07
2.07
2.07
2.07
2.07
2.07
2.07
2.07
2.07
2.08
2.08
2.08
2.08
2.08
2.08
2.08
2.08
2.08
2.08
2.08
2.08
2.08
2.08
2.08
2.08
2.08
2.08
2.08
2.09
2.09
2.09
2.09
2.09
2.09
2.09
2.09
2.09
2.09
2.09
2.09
2.09
2.09
2.09
2.09
2.09
2.09
2.09
2.10
2.10
2.10
2.10
2.10
2.10
2.10
2.10
2.10
2.11
2.11
2.11
2.11
2.11
2.11
2.11
2.11
2.11
2.11
2.11
2.11
2.11
2.12
2.12
2.12
2.12
2.12
2.12
2.12
2.12
2.12
2.12
2.12
2.12
2.12
2.12
2.12
2.12
2.13
2.13
2.13
2.13
2.13
2.13
2.13
2.13
2.13
2.13
2.13
2.13
2.13
2.13
2.13
2.13
2.14
2.14
2.14
2.14
2.14
2.14
2.14
2.14
2.14
2.14
2.14
2.14
2.14
2.14
2.14
2.14
2.14
2.14
2.14
2.15
2.15
2.15
2.15
2.15
2.15
2.15
2.15
2.15
2.15
2.15
2.15
2.15
2.15
2.15
2.15
2.15
2.15
2.16
2.16
2.16
2.16
2.16
2.16
2.16
2.16
2.16
2.16
2.17
2.17
2.17
2.17
2.17
2.17
2.17
2.17
2.17
2.17
2.17
2.17
2.17
2.17
2.17
2.17
2.17
2.17
2.17
2.17
2.17
2.17
2.18
2.18
2.18
2.18
2.18
2.18
2.18
2.18
2.18
2.18
2.18
2.18
2.18
2.18
2.18
2.18
2.18
2.18
2.18
2.19
2.19
2.19
2.19
2.19
2.19
2.19
2.19
2.19
2.19
2.19
2.19
2.19
2.20
2.20
2.20
2.20
2.20
2.20
2.20
2.20
2.20
2.20
2.20
2.20
2.20
2.20
2.20
2.21
2.21
2.21
2.21
2.21
2.22
2.22
2.22
2.22
2.22
2.22
2.22
2.22
2.22
2.22
2.22
2.22
2.22
2.23
2.23
2.23
2.23
2.23
2.23
2.23
2.23
2.24
2.24
2.24
2.24
2.24
2.24
2.25
2.25
2.25
2.25
2.25
2.25
2.25
2.25
2.25
2.25
2.26
2.26
2.26
2.26
2.27
2.27
2.27
2.27
2.27
2.27
2.27
2.28
2.28
2.28
2.28
2.28
2.28
2.28
2.28
2.28
2.28
2.28
2.28
2.29
2.29
2.29
2.29
2.29
2.29
2.29
2.29
2.29
2.29
2.29
2.29
2.30
2.30
2.30
2.30
2.30
2.30
2.30
2.30
2.30
2.30
2.30
2.30
2.30
2.31
2.31
2.31
2.31
2.31
2.31
2.31
2.31
2.31
2.31
2.31
2.32
2.32
2.32
2.32
2.32
2.32
2.32
2.32
2.32
2.32
2.32
2.32
2.32
2.32
2.33
2.33
2.33
2.33
2.33
2.33
2.33
2.33
2.33
2.33
2.33
2.33
2.33
2.33
2.33
2.34
2.34
2.34
2.34
2.34
2.34
2.34
2.34
2.34
2.34
2.34
2.34
2.34
2.34
2.34
2.35
2.35
2.35
2.35
2.35
2.35
2.36
2.36
2.36
2.36
2.36
2.36
2.36
2.36
2.36
2.36
2.36
2.36
2.36
2.36
2.36
2.36
2.37
2.37
2.37
2.37
2.37
2.37
2.37
2.37
2.37
2.37
2.38
2.38
2.38
2.38
2.38
2.38
2.38
2.38
2.38
2.39
2.39
2.39
2.39
2.39
2.39
2.39
2.39
2.39
2.39
2.39
2.39
2.39
2.39
2.40
2.40
2.40
2.40
2.40
2.40
2.40
2.40
2.40
2.40
2.40
2.40
2.41
2.41
2.41
2.41
2.41
2.41
2.41
2.41
2.41
2.41
2.42
2.42
2.42
2.42
2.42
2.42
2.43
2.43
2.43
2.43
2.43
2.43
2.43
2.43
2.43
2.43
2.43
2.43
2.43
2.43
2.43
2.44
2.44
2.44
2.44
2.44
2.44
2.44
2.44
2.44
2.44
2.44
2.45
2.45
2.45
2.45
2.45
2.46
2.46
2.46
2.46
2.46
2.46
2.46
2.46
2.47
2.47
2.47
2.47
2.47
2.48
2.48
2.48
2.48
2.50
2.50
2.50
2.50
2.50
2.50
2.50
2.50
2.50
2.51
2.51
2.51
2.51
2.52
2.52
2.52
2.52
2.52
2.53
2.53
2.53
2.53
2.54
2.54
2.54
2.54
2.54
2.55
2.55
2.55
2.55
2.55
2.55
2.55
2.55
2.56
2.56
2.56
2.56
2.56
2.56
2.57
2.57
2.57
2.57
2.57
2.57
2.58
2.58
2.59
2.59
2.59
2.59
2.59
2.60
2.60
2.60
2.60
2.61
2.61
2.61
2.61
2.61
2.62
2.62
2.62
2.62
2.63
2.64
2.64
2.64
2.64
2.64
2.65
2.65
2.65
2.65
2.66
2.66
2.66
2.67
2.67
2.68
2.68
2.68
2.68
2.68
2.69
2.69
2.69
2.69
2.69
2.70
2.70
2.70
2.70
2.70
2.70
2.70
2.70
2.70
2.71
2.71
2.71
2.71
2.71
2.71
2.71
2.72
2.72
2.72
2.72
2.72
2.72
2.73
2.73
2.73
2.73
2.73
2.74
2.74
2.75
2.75
2.75
2.75
2.75
2.75
2.76
2.76
2.76
2.77
2.77
2.78
2.78
2.78
2.78
2.78
2.78
2.78
2.78
2.79
2.79
2.79
2.79
2.79
2.79
2.79
2.80
2.80
2.80
2.80
2.80
2.81
2.81
2.81
2.81
2.81
2.81
2.81
2.81
2.82
2.82
2.83
2.83
2.83
2.83
2.84
2.84
2.84
2.84
2.84
2.84
2.84
2.84
2.84
2.84
2.85
2.85
2.85
2.85
2.85
2.86
2.87
2.88
2.88
2.88
2.88
2.88
2.89
2.89
2.89
2.89
2.89
2.90
2.90
2.91
2.91
2.91
2.91
2.91
2.91
2.91
2.92
2.92
2.92
2.92
2.93
2.93
2.93
2.93
2.94
2.94
2.94
2.94
2.94
2.94
2.95
2.95
2.95
2.95
2.95
2.95
2.96
2.96
2.96
2.96
2.96
2.96
2.96
2.97
2.97
2.97
2.98
2.98
2.99
2.99
2.99
2.99
2.99
3.00
3.00
3.00
3.01
3.01
3.01
3.02
3.02
3.02
3.02
3.02
3.02
3.02
3.03
3.03
3.03
3.03
3.04
3.04
3.04
3.05
3.05
3.05
3.05
3.05
3.06
3.06
3.06
3.06
3.07
3.07
3.08
3.08
3.08
3.08
3.08
3.09
3.09
3.09
3.09
3.09
3.09
3.12
3.12
3.12
3.13
3.13
3.14
3.14
3.15
3.15
3.15
3.15
3.15
3.16
3.16
3.16
3.16
3.17
3.17
3.17
3.18
3.18
3.19
3.19
3.19
3.19
3.20
3.20
3.20
3.20
3.20
3.20
3.21
3.21
3.23
3.24
3.24
3.24
3.25
3.25
3.25
3.26
3.27
3.27
3.27
3.27
3.28
3.28
3.29
3.30
3.30
3.30
3.30
3.30
3.31
3.32
3.32
3.33
3.34
3.34
3.35
3.35
3.38
3.39
3.39
3.39
3.41
3.41
3.41
3.41
3.41
3.42
3.42
3.43
3.43
3.43
3.45
3.45
3.45
3.46
3.46
3.46
3.47
3.48
3.48
3.49
3.50
3.51
3.53
3.54
3.54
3.54
3.56
3.57
3.58
3.59
3.59
3.59
3.63
3.64
3.64
3.64
3.64
3.65
3.65
3.66
3.67
3.67
3.67
3.68
3.69
3.69
3.69
3.69
3.70
3.74
3.74
3.75
3.76
3.76
3.78
3.78
3.78
3.79
3.79
3.80
3.81
3.82
3.83
3.84
3.84
3.84
3.84
3.88
3.89
3.91
3.94
3.95
3.95
3.98
3.98
3.99
3.99
4.00
4.01
4.05
4.05
4.05
4.06
4.07
4.07
4.07
4.08
4.08
4.09
4.09
4.10
4.11
4.11
4.12
4.12
4.14
4.14
4.15
4.15
4.15
4.15
4.16
4.16
4.18
4.19
4.20
4.21
4.21
4.22
4.22
4.25
4.29
4.30
4.33
4.33
4.35
4.38
4.38
4.40
4.41
4.41
4.42
4.44
4.44
4.49
4.49
4.50
4.55
4.55
4.56
4.58
4.59
4.59
4.60
4.63
4.65
4.66
4.69
4.69
4.69
4.70
4.71
4.72
4.72
4.73
4.75
4.76
4.78
4.80
4.82
4.82
4.84
4.85
4.86
4.86
4.87
4.90
4.90
4.92
4.93
4.94
4.95
4.98
4.98
5.00
5.04
5.04
5.04
5.05
5.07
5.10
5.14
5.17
5.19
5.19
5.22
5.22
5.26
5.26
5.30
5.31
5.36
5.38
5.39
5.41
5.41
5.42
5.43
5.45
5.46
5.47
5.51
5.53
5.55
5.59
5.65
5.69
5.75
5.81
5.86
5.89
5.95
5.95
6.00
6.01
6.03
6.03
6.07
6.14
6.17
6.18
6.19
6.26
6.40
6.47
6.47
6.57
6.66
6.71
6.71
6.75
6.78
6.83
7.11
7.33
7.43
7.45
7.58
7.68
7.76
7.91
8.08
8.12
8.17
8.27
8.34
8.90
8.92
9.04
9.85
10.1
10.3
12.8
13.5
15.5
18.5
19.4
20.5
32.3
39.6
49.9
55.1
