3.41
3.42
3.44
3.45
3.52
3.53
3.53
3.56
3.59
3.59
3.63
3.64
3.68
3.76
3.84
3.85
3.89
3.92
3.95
3.95
3.96
3.97
3.97
3.98
4.00
4.01
4.02
4.02
4.02
4.02
4.05
4.06
4.06
4.06
4.06
4.08
4.08
4.08
4.09
4.09
4.09
4.09
4.10
4.10
4.11
4.11
4.11
4.12
4.12
4.12
4.12
4.12
4.13
4.13
4.13
4.14
4.14
4.14
4.14
4.15
4.15
4.16
4.16
4.17
4.17
4.17
4.17
4.17
4.18
4.18
4.18
4.18
4.18
4.19
4.19
4.19
4.19
4.21
4.21
4.21
4.21
4.21
4.22
4.22
4.23
4.23
4.24
4.24
4.24
4.25
4.25
4.25
4.25
4.26
4.26
4.26
4.27
4.27
4.27
4.29
4.29
4.29
4.29
4.29
4.30
4.30
4.31
4.31
4.31
4.31
4.32
4.32
4.32
4.32
4.33
4.34
4.34
4.34
4.35
4.35
4.36
4.36
4.36
4.36
4.38
4.38
4.38
4.39
4.39
4.39
4.40
4.41
4.41
4.42
4.42
4.42
4.43
4.44
4.45
4.49
4.49
4.50
4.51
4.52
4.55
4.56
4.57
4.59
4.61
4.62
4.62
4.63
4.63
4.64
4.65
4.65
4.66
4.70
4.70
4.71
4.71
4.73
4.73
4.73
4.73
4.74
4.74
4.74
4.76
4.76
4.78
4.79
4.80
4.80
4.80
4.81
4.81
4.81
4.82
4.82
4.84
4.84
4.84
4.85
4.85
4.86
4.87
4.88
4.88
4.90
4.91
4.91
4.93
4.94
4.94
4.94
4.96
4.96
4.96
4.96
4.96
4.97
4.98
4.98
5.00
5.00
5.04
5.05
5.07
5.08
5.10
5.11
5.11
5.12
5.13
5.14
5.15
5.17
5.17
5.18
5.18
5.19
5.20
5.21
5.21
5.21
5.22
5.23
5.24
5.25
5.29
5.30
5.38
5.39
5.39
5.41
5.45
5.48
5.53
5.55
5.59
5.62
5.64
5.69
5.75
5.75
5.77
5.79
5.79
5.80
5.86
5.86
5.93
5.93
5.97
5.97
5.99
6.04
6.07
6.09
6.09
6.12
6.14
6.15
6.20
6.40
6.43
6.58
6.67
6.68
6.70
6.72
6.74
6.78
6.91
6.96
7.10
7.15
7.24
7.24
7.28
7.30
7.39
7.46
7.64
7.82
8.25
8.28
8.36
8.57
8.91
8.99
9.37
9.84
10.6
11.4
11.6
12.1
22.1
25.8
